W_m L_m VGS ID_A JD_mA_per_um
0.22e-6 0.28e-6 0.35 3.26888E-09 1.48586E-05
0.22e-6 0.28e-6 0.40 1.18245E-08 5.37475E-05
0.22e-6 0.28e-6 0.45 3.95513E-08 0.000179779
0.22e-6 0.28e-6 0.50 1.1848E-07 0.000538546
0.22e-6 0.28e-6 0.55 3.09265E-07 0.00140575
0.22e-6 0.28e-6 0.60 6.90591E-07 0.00313905
0.22e-6 0.28e-6 0.65 1.32277E-06 0.00601259
0.22e-6 0.28e-6 0.70 2.22423E-06 0.0101101
0.22e-6 0.28e-6 0.75 3.37972E-06 0.0153624
0.22e-6 0.28e-6 0.80 4.75885E-06 0.0216311
0.22e-6 0.28e-6 0.90 8.06087E-06 0.0366403
0.22e-6 0.28e-6 1.00 1.19162E-05 0.0541644
0.22e-6 0.28e-6 1.10 1.61763E-05 0.0735287
0.22e-6 0.28e-6 1.20 2.07399E-05 0.0942721
0.22e-6 0.36e-6 0.35 5.52247E-10 2.51022E-06
0.22e-6 0.36e-6 0.40 2.08755E-09 9.48884E-06
0.22e-6 0.36e-6 0.45 7.5458E-09 3.42991E-05
0.22e-6 0.36e-6 0.50 2.54023E-08 0.000115465
0.22e-6 0.36e-6 0.55 7.76319E-08 0.000352872
0.22e-6 0.36e-6 0.60 2.09345E-07 0.000951569
0.22e-6 0.36e-6 0.65 4.8373E-07 0.00219877
0.22e-6 0.36e-6 0.70 9.52753E-07 0.00433069
0.22e-6 0.36e-6 0.75 1.63599E-06 0.00743633
0.22e-6 0.36e-6 0.80 2.52623E-06 0.0114829
0.22e-6 0.36e-6 0.90 4.84639E-06 0.0220291
0.22e-6 0.36e-6 1.00 7.74659E-06 0.0352118
0.22e-6 0.36e-6 1.10 1.10933E-05 0.0504242
0.22e-6 0.36e-6 1.20 1.47894E-05 0.0672246
0.22e-6 0.50e-6 0.35 1.68806E-10 7.67298E-07
0.22e-6 0.50e-6 0.40 6.44141E-10 2.92792E-06
0.22e-6 0.50e-6 0.45 2.39002E-09 1.08637E-05
0.22e-6 0.50e-6 0.50 8.41038E-09 3.8229E-05
0.22e-6 0.50e-6 0.55 2.74359E-08 0.000124709
0.22e-6 0.50e-6 0.60 8.10201E-08 0.000368273
0.22e-6 0.50e-6 0.65 2.08977E-07 0.000949895
0.22e-6 0.50e-6 0.70 4.57689E-07 0.0020804
0.22e-6 0.50e-6 0.75 8.57196E-07 0.00389634
0.22e-6 0.50e-6 0.80 1.41454E-06 0.00642972
0.22e-6 0.50e-6 0.90 2.9681E-06 0.0134914
0.22e-6 0.50e-6 1.00 5.02106E-06 0.022823
0.22e-6 0.50e-6 1.10 7.48159E-06 0.0340072
0.22e-6 0.50e-6 1.20 1.02778E-05 0.0467175
1e-6 0.28e-6 0.35 2.90789E-09 2.90789E-06
1e-6 0.28e-6 0.40 1.10619E-08 1.10619E-05
1e-6 0.28e-6 0.45 4.01502E-08 4.01502E-05
1e-6 0.28e-6 0.50 1.34962E-07 0.000134962
1e-6 0.28e-6 0.55 4.07005E-07 0.000407005
1e-6 0.28e-6 0.60 1.07134E-06 0.00107134
1e-6 0.28e-6 0.65 2.41488E-06 0.00241488
1e-6 0.28e-6 0.70 4.66731E-06 0.00466731
1e-6 0.28e-6 0.75 7.90881E-06 0.00790881
1e-6 0.28e-6 0.80 1.20936E-05 0.0120936
1e-6 0.28e-6 0.90 2.28593E-05 0.0228593
1e-6 0.28e-6 1.00 3.60987E-05 0.0360987
1e-6 0.28e-6 1.10 5.11496E-05 0.0511496
1e-6 0.28e-6 1.20 6.75551E-05 0.0675551
1e-6 0.36e-6 0.35 4.46888E-10 4.46888E-07
1e-6 0.36e-6 0.40 1.73815E-09 1.73815E-06
1e-6 0.36e-6 0.45 6.60794E-09 6.60794E-06
1e-6 0.36e-6 0.50 2.4061E-08 2.4061E-05
1e-6 0.36e-6 0.55 8.18457E-08 8.18457E-05
1e-6 0.36e-6 0.60 2.53624E-07 0.000253624
1e-6 0.36e-6 0.65 6.96426E-07 0.000696426
1e-6 0.36e-6 0.70 1.64304E-06 0.00164304
1e-6 0.36e-6 0.75 3.29919E-06 0.00329919
1e-6 0.36e-6 0.80 5.75343E-06 0.00575343
1e-6 0.36e-6 0.90 1.29377E-05 0.0129377
1e-6 0.36e-6 1.00 2.26533E-05 0.0226533
1e-6 0.36e-6 1.10 3.43296E-05 0.0343296
1e-6 0.36e-6 1.20 4.75358E-05 0.0475358
1e-6 0.50e-6 0.35 1.26595E-10 1.26595E-07
1e-6 0.50e-6 0.40 4.92259E-10 4.92259E-07
1e-6 0.50e-6 0.45 1.89657E-09 1.89657E-06
1e-6 0.50e-6 0.50 7.10148E-09 7.10148E-06
1e-6 0.50e-6 0.55 2.53054E-08 2.53054E-05
1e-6 0.50e-6 0.60 8.39601E-08 8.39601E-05
1e-6 0.50e-6 0.65 2.53685E-07 0.000253685
1e-6 0.50e-6 0.70 6.74497E-07 0.000674497
1e-6 0.50e-6 0.75 1.5258E-06 0.0015258
1e-6 0.50e-6 0.80 2.93717E-06 0.00293717
1e-6 0.50e-6 0.90 7.53785E-06 0.00753785
1e-6 0.50e-6 1.00 1.42657E-05 0.0142657
1e-6 0.50e-6 1.10 2.27474E-05 0.0227474
1e-6 0.50e-6 1.20 3.26717E-05 0.0326717
5e-6 0.28e-6 0.35 1.92814E-08 3.85627E-06
5e-6 0.28e-6 0.40 7.27253E-08 1.45451E-05
5e-6 0.28e-6 0.45 2.59708E-07 5.19416E-05
5e-6 0.28e-6 0.50 8.50208E-07 0.000170042
5e-6 0.28e-6 0.55 2.47192E-06 0.000494384
5e-6 0.28e-6 0.60 6.23664E-06 0.00124733
5e-6 0.28e-6 0.65 1.35141E-05 0.00270282
5e-6 0.28e-6 0.70 2.53641E-05 0.00507282
5e-6 0.28e-6 0.75 4.21765E-05 0.0084353
5e-6 0.28e-6 0.80 6.37477E-05 0.0127495
5e-6 0.28e-6 0.90 0.000118991 0.0237982
5e-6 0.28e-6 1.00 0.000186587 0.0373173
5e-6 0.28e-6 1.10 0.000263029 0.0526058
5e-6 0.28e-6 1.20 0.000345935 0.0691869
5e-6 0.36e-6 0.35 2.57961E-09 5.15921E-07
5e-6 0.36e-6 0.40 1.00388E-08 2.00775E-06
5e-6 0.36e-6 0.45 3.8021E-08 7.60419E-06
5e-6 0.36e-6 0.50 1.37225E-07 2.74449E-05
5e-6 0.36e-6 0.55 4.59283E-07 9.18566E-05
5e-6 0.36e-6 0.60 1.38812E-06 0.000277624
5e-6 0.36e-6 0.65 3.69704E-06 0.000739407
5e-6 0.36e-6 0.70 8.49493E-06 0.00169899
5e-6 0.36e-6 0.75 1.68035E-05 0.00336069
5e-6 0.36e-6 0.80 2.91642E-05 0.00583284
5e-6 0.36e-6 0.90 6.5827E-05 0.0131654
5e-6 0.36e-6 1.00 0.000115909 0.0231817
5e-6 0.36e-6 1.10 0.000176198 0.0352396
5e-6 0.36e-6 1.20 0.000244232 0.0488464
5e-6 0.50e-6 0.35 6.33024E-10 1.26605E-07
5e-6 0.50e-6 0.40 2.48397E-09 4.96793E-07
5e-6 0.50e-6 0.45 9.5925E-09 1.9185E-06
5e-6 0.50e-6 0.50 3.58943E-08 7.17885E-06
5e-6 0.50e-6 0.55 1.27316E-07 2.54631E-05
5e-6 0.50e-6 0.60 4.17528E-07 8.35056E-05
5e-6 0.50e-6 0.65 1.23736E-06 0.000247473
5e-6 0.50e-6 0.70 3.22845E-06 0.000645691
5e-6 0.50e-6 0.75 7.25067E-06 0.00145013
5e-6 0.50e-6 0.80 1.40405E-05 0.0028081
5e-6 0.50e-6 0.90 3.70575E-05 0.0074115
5e-6 0.50e-6 1.00 7.18679E-05 0.0143736
5e-6 0.50e-6 1.10 0.000116356 0.0232712
5e-6 0.50e-6 1.20 0.000168574 0.0337149
10e-6 0.28e-6 0.35 4.0702E-08 4.0702E-06
10e-6 0.28e-6 0.40 1.53238E-07 1.53238E-05
10e-6 0.28e-6 0.45 5.45393E-07 5.45393E-05
10e-6 0.28e-6 0.50 1.7761E-06 0.00017761
10e-6 0.28e-6 0.55 5.12798E-06 0.000512798
10e-6 0.28e-6 0.60 1.2838E-05 0.0012838
10e-6 0.28e-6 0.65 2.76243E-05 0.00276243
10e-6 0.28e-6 0.70 5.15768E-05 0.00515768
10e-6 0.28e-6 0.75 8.54646E-05 0.00854646
10e-6 0.28e-6 0.80 0.00012888 0.012888
10e-6 0.28e-6 0.90 0.000239924 0.0239924
10e-6 0.28e-6 1.00 0.000375636 0.0375636
10e-6 0.28e-6 1.10 0.000528956 0.0528956
10e-6 0.28e-6 1.20 0.0006951 0.06951
10e-6 0.36e-6 0.35 5.34826E-09 5.34826E-07
10e-6 0.36e-6 0.40 2.08068E-08 2.08068E-06
10e-6 0.36e-6 0.45 7.87147E-08 7.87147E-06
10e-6 0.36e-6 0.50 2.8345E-07 2.8345E-05
10e-6 0.36e-6 0.55 9.45055E-07 9.45055E-05
10e-6 0.36e-6 0.60 2.84058E-06 0.000284058
10e-6 0.36e-6 0.65 7.51658E-06 0.000751658
10e-6 0.36e-6 0.70 1.71733E-05 0.00171733
10e-6 0.36e-6 0.75 3.38464E-05 0.00338464
10e-6 0.36e-6 0.80 5.86425E-05 0.00586425
10e-6 0.36e-6 0.90 0.000132272 0.0132272
10e-6 0.36e-6 1.00 0.000232948 0.0232948
10e-6 0.36e-6 1.10 0.000354147 0.0354147
10e-6 0.36e-6 1.20 0.000490855 0.0490855
10e-6 0.50e-6 0.35 1.28733E-09 1.28733E-07
10e-6 0.50e-6 0.40 5.05629E-09 5.05629E-07
10e-6 0.50e-6 0.45 1.95241E-08 1.95241E-06
10e-6 0.50e-6 0.50 7.29953E-08 7.29953E-06
10e-6 0.50e-6 0.55 2.58416E-07 2.58416E-05
10e-6 0.50e-6 0.60 8.44518E-07 8.44518E-05
10e-6 0.50e-6 0.65 2.49004E-06 0.000249004
10e-6 0.50e-6 0.70 6.46223E-06 0.000646223
10e-6 0.50e-6 0.75 1.44632E-05 0.00144632
10e-6 0.50e-6 0.80 2.79819E-05 0.00279819
10e-6 0.50e-6 0.90 7.4024E-05 0.0074024
10e-6 0.50e-6 1.00 0.000143979 0.0143979
10e-6 0.50e-6 1.10 0.000233559 0.0233559
10e-6 0.50e-6 1.20 0.000338753 0.0338753
