W_m L_m VSG ID_A JD_mA_per_um
0.22e-6 0.28e-6 0.35 4.98426E-11 2.26557E-07
0.22e-6 0.28e-6 0.40 1.80023E-10 8.18289E-07
0.22e-6 0.28e-6 0.45 6.43763E-10 2.92619E-06
0.22e-6 0.28e-6 0.50 2.20918E-09 1.00417E-05
0.22e-6 0.28e-6 0.55 7.1346E-09 3.243E-05
0.22e-6 0.28e-6 0.60 2.14343E-08 9.74288E-05
0.22e-6 0.28e-6 0.65 5.87075E-08 0.000266852
0.22e-6 0.28e-6 0.70 1.41401E-07 0.000642733
0.22e-6 0.28e-6 0.75 2.9302E-07 0.00133191
0.22e-6 0.28e-6 0.80 5.27335E-07 0.00239698
0.22e-6 0.28e-6 0.90 1.24544E-06 0.00566109
0.22e-6 0.28e-6 1.00 2.2586E-06 0.0102663
0.22e-6 0.28e-6 1.10 3.5253E-06 0.0160241
0.22e-6 0.28e-6 1.20 5.01587E-06 0.0227994
0.22e-6 0.36e-6 0.35 9.69285E-12 4.40584E-08
0.22e-6 0.36e-6 0.40 3.1714E-11 1.44155E-07
0.22e-6 0.36e-6 0.45 1.13319E-10 5.15088E-07
0.22e-6 0.36e-6 0.50 4.05621E-10 1.84373E-06
0.22e-6 0.36e-6 0.55 1.39858E-09 6.3572E-06
0.22e-6 0.36e-6 0.60 4.54823E-09 2.06738E-05
0.22e-6 0.36e-6 0.65 1.3798E-08 6.2718E-05
0.22e-6 0.36e-6 0.70 3.82887E-08 0.00017404
0.22e-6 0.36e-6 0.75 9.36327E-08 0.000425603
0.22e-6 0.36e-6 0.80 1.97026E-07 0.000895571
0.22e-6 0.36e-6 0.90 5.84179E-07 0.00265536
0.22e-6 0.36e-6 1.00 1.20886E-06 0.00549481
0.22e-6 0.36e-6 1.10 2.0443E-06 0.00929228
0.22e-6 0.36e-6 1.20 3.06886E-06 0.0139494
0.22e-6 0.50e-6 0.35 4.14862E-12 1.88574E-08
0.22e-6 0.50e-6 0.40 1.07752E-11 4.89781E-08
0.22e-6 0.50e-6 0.45 3.56973E-11 1.6226E-07
0.22e-6 0.50e-6 0.50 1.27075E-10 5.77613E-07
0.22e-6 0.50e-6 0.55 4.48117E-10 2.0369E-06
0.22e-6 0.50e-6 0.60 1.50882E-09 6.85827E-06
0.22e-6 0.50e-6 0.65 4.76808E-09 2.16731E-05
0.22e-6 0.50e-6 0.70 1.39779E-08 6.3536E-05
0.22e-6 0.50e-6 0.75 3.6941E-08 0.000167914
0.22e-6 0.50e-6 0.80 8.49379E-08 0.000386082
0.22e-6 0.50e-6 0.90 2.92313E-07 0.00132869
0.22e-6 0.50e-6 1.00 6.63195E-07 0.00301452
0.22e-6 0.50e-6 1.10 1.18614E-06 0.00539156
0.22e-6 0.50e-6 1.20 1.84841E-06 0.00840187
1e-6 0.28e-6 0.35 7.63469E-11 7.63469E-08
1e-6 0.28e-6 0.40 2.82083E-10 2.82083E-07
1e-6 0.28e-6 0.45 1.03524E-09 1.03524E-06
1e-6 0.28e-6 0.50 3.68561E-09 3.68561E-06
1e-6 0.28e-6 0.55 1.24713E-08 1.24713E-05
1e-6 0.28e-6 0.60 3.94827E-08 3.94827E-05
1e-6 0.28e-6 0.65 1.1565E-07 0.00011565
1e-6 0.28e-6 0.70 3.06292E-07 0.000306292
1e-6 0.28e-6 0.75 7.09134E-07 0.000709134
1e-6 0.28e-6 0.80 1.41513E-06 0.00141513
1e-6 0.28e-6 0.90 3.86782E-06 0.00386782
1e-6 0.28e-6 1.00 7.59351E-06 0.00759351
1e-6 0.28e-6 1.10 1.23773E-05 0.0123773
1e-6 0.28e-6 1.20 1.80581E-05 0.0180581
1e-6 0.36e-6 0.35 1.49694E-11 1.49694E-08
1e-6 0.36e-6 0.40 5.20416E-11 5.20416E-08
1e-6 0.36e-6 0.45 1.91418E-10 1.91418E-07
1e-6 0.36e-6 0.50 7.0327E-10 7.0327E-07
1e-6 0.36e-6 0.55 2.50925E-09 2.50925E-06
1e-6 0.36e-6 0.60 8.51335E-09 8.51335E-06
1e-6 0.36e-6 0.65 2.70724E-08 2.70724E-05
1e-6 0.36e-6 0.70 7.98631E-08 7.98631E-05
1e-6 0.36e-6 0.75 2.13115E-07 0.000213115
1e-6 0.36e-6 0.80 4.96229E-07 0.000496229
1e-6 0.36e-6 0.90 1.74104E-06 0.00174104
1e-6 0.36e-6 1.00 3.96877E-06 0.00396877
1e-6 0.36e-6 1.10 7.06831E-06 0.00706831
1e-6 0.36e-6 1.20 1.09237E-05 0.0109237
1e-6 0.50e-6 0.35 5.97986E-12 5.97986E-09
1e-6 0.50e-6 0.40 1.78419E-11 1.78419E-08
1e-6 0.50e-6 0.45 6.28932E-11 6.28932E-08
1e-6 0.50e-6 0.50 2.31032E-10 2.31032E-07
1e-6 0.50e-6 0.55 8.39313E-10 8.39313E-07
1e-6 0.50e-6 0.60 2.93278E-09 2.93278E-06
1e-6 0.50e-6 0.65 9.6711E-09 9.6711E-06
1e-6 0.50e-6 0.70 2.97827E-08 2.97827E-05
1e-6 0.50e-6 0.75 8.43406E-08 8.43406E-05
1e-6 0.50e-6 0.80 2.12104E-07 0.000212104
1e-6 0.50e-6 0.90 8.6373E-07 0.00086373
1e-6 0.50e-6 1.00 2.17044E-06 0.00217044
1e-6 0.50e-6 1.10 4.09908E-06 0.00409908
1e-6 0.50e-6 1.20 6.58272E-06 0.00658272
5e-6 0.28e-6 0.35 2.28022E-10 4.56045E-08
5e-6 0.28e-6 0.40 8.56943E-10 1.71389E-07
5e-6 0.28e-6 0.45 3.18601E-09 6.37202E-07
5e-6 0.28e-6 0.50 1.15427E-08 2.30854E-06
5e-6 0.28e-6 0.55 4.00347E-08 8.00695E-06
5e-6 0.28e-6 0.60 1.30625E-07 2.6125E-05
5e-6 0.28e-6 0.65 3.96219E-07 7.92438E-05
5e-6 0.28e-6 0.70 1.09981E-06 0.000219962
5e-6 0.28e-6 0.75 2.70528E-06 0.000541055
5e-6 0.28e-6 0.80 5.74673E-06 0.00114935
5e-6 0.28e-6 0.90 1.72702E-05 0.00345404
5e-6 0.28e-6 1.00 3.5746E-05 0.0071492
5e-6 0.28e-6 1.10 5.99762E-05 0.0119952
5e-6 0.28e-6 1.20 8.90014E-05 0.0178003
5e-6 0.36e-6 0.35 4.59014E-11 9.18027E-09
5e-6 0.36e-6 0.40 1.70458E-10 3.40916E-08
5e-6 0.36e-6 0.45 6.41321E-10 1.28264E-07
5e-6 0.36e-6 0.50 2.38792E-09 4.77584E-07
5e-6 0.36e-6 0.55 8.65336E-09 1.73067E-06
5e-6 0.36e-6 0.60 2.99745E-08 5.9949E-06
5e-6 0.36e-6 0.65 9.7671E-08 1.95342E-05
5e-6 0.36e-6 0.70 2.96416E-07 5.92832E-05
5e-6 0.36e-6 0.75 8.22952E-07 0.00016459
5e-6 0.36e-6 0.80 2.01697E-06 0.000403395
5e-6 0.36e-6 0.90 7.79056E-06 0.00155811
5e-6 0.36e-6 1.00 1.88296E-05 0.00376593
5e-6 0.36e-6 1.10 3.46095E-05 0.0069219
5e-6 0.36e-6 1.20 5.44459E-05 0.0108892
5e-6 0.50e-6 0.35 1.72848E-11 3.45695E-09
5e-6 0.50e-6 0.40 6.13169E-11 1.22634E-08
5e-6 0.50e-6 0.45 2.29098E-10 4.58197E-08
5e-6 0.50e-6 0.50 8.59139E-10 1.71828E-07
5e-6 0.50e-6 0.55 3.16293E-09 6.32585E-07
5e-6 0.50e-6 0.60 1.1222E-08 2.24439E-06
5e-6 0.50e-6 0.65 3.76942E-08 7.53884E-06
5e-6 0.50e-6 0.70 1.18481E-07 2.36962E-05
5e-6 0.50e-6 0.75 3.44548E-07 6.89095E-05
5e-6 0.50e-6 0.80 8.99501E-07 0.0001799
5e-6 0.50e-6 0.90 3.97307E-06 0.000794613
5e-6 0.50e-6 1.00 1.0534E-05 0.00210681
5e-6 0.50e-6 1.10 2.04807E-05 0.00409613
5e-6 0.50e-6 1.20 3.34237E-05 0.00668475
10e-6 0.28e-6 0.35 4.22419E-10 4.22419E-08
10e-6 0.28e-6 0.40 1.59283E-09 1.59283E-07
10e-6 0.28e-6 0.45 5.93344E-09 5.93344E-07
10e-6 0.28e-6 0.50 2.15465E-08 2.15465E-06
10e-6 0.28e-6 0.55 7.49806E-08 7.49806E-06
10e-6 0.28e-6 0.60 2.45679E-07 2.45679E-05
10e-6 0.28e-6 0.65 7.48811E-07 7.48811E-05
10e-6 0.28e-6 0.70 2.09157E-06 0.000209157
10e-6 0.28e-6 0.75 5.18818E-06 0.000518818
10e-6 0.28e-6 0.80 1.11226E-05 0.00111226
10e-6 0.28e-6 0.90 3.39162E-05 0.00339162
10e-6 0.28e-6 1.00 7.07809E-05 0.00707809
10e-6 0.28e-6 1.10 0.000119293 0.0119293
10e-6 0.28e-6 1.20 0.000177486 0.0177486
10e-6 0.36e-6 0.35 8.5106E-11 8.5106E-09
10e-6 0.36e-6 0.40 3.20499E-10 3.20499E-08
10e-6 0.36e-6 0.45 1.21096E-09 1.21096E-07
10e-6 0.36e-6 0.50 4.51809E-09 4.51809E-07
10e-6 0.36e-6 0.55 1.64068E-08 1.64068E-06
10e-6 0.36e-6 0.60 5.69901E-08 5.69901E-06
10e-6 0.36e-6 0.65 1.86326E-07 1.86326E-05
10e-6 0.36e-6 0.70 5.67631E-07 5.67631E-05
10e-6 0.36e-6 0.75 1.58414E-06 0.000158414
10e-6 0.36e-6 0.80 3.90984E-06 0.000390984
10e-6 0.36e-6 0.90 1.53139E-05 0.00153139
10e-6 0.36e-6 1.00 3.73394E-05 0.00373394
10e-6 0.36e-6 1.10 6.89564E-05 0.00689564
10e-6 0.36e-6 1.20 0.000108766 0.0108766
10e-6 0.50e-6 0.35 3.15302E-11 3.15302E-09
10e-6 0.50e-6 0.40 1.16077E-10 1.16077E-08
10e-6 0.50e-6 0.45 4.38385E-10 4.38385E-08
10e-6 0.50e-6 0.50 1.64961E-09 1.64961E-07
10e-6 0.50e-6 0.55 6.08442E-09 6.08442E-07
10e-6 0.50e-6 0.60 2.16305E-08 2.16305E-06
10e-6 0.50e-6 0.65 7.28341E-08 7.28341E-06
10e-6 0.50e-6 0.70 2.29555E-07 2.29555E-05
10e-6 0.50e-6 0.75 6.69827E-07 6.69827E-05
10e-6 0.50e-6 0.80 1.7572E-06 0.00017572
10e-6 0.50e-6 0.90 7.84846E-06 0.000784846
10e-6 0.50e-6 1.00 2.09682E-05 0.00209682
10e-6 0.50e-6 1.10 4.09367E-05 0.00409367
10e-6 0.50e-6 1.20 6.69608E-05 0.00669608
