W_m L_m VSG NFmin_dB NF_dB Rn SOpt_real SOpt_imag
0.22e-6 0.28e-6 0.35 0.0146729 17.6182 2839.27 0.99994 0.000262894
0.22e-6 0.28e-6 0.40 0.0241819 21.9017 7697.06 0.999964 0.00027468
0.22e-6 0.28e-6 0.45 0.0389968 26.0217 19955.3 0.999977 0.000291503
0.22e-6 0.28e-6 0.50 0.0611081 29.8969 48776.5 0.999986 0.000312476
0.22e-6 0.28e-6 0.55 0.0920573 33.4285 110058 0.99999 0.000334888
0.22e-6 0.28e-6 0.60 0.126811 36.1831 207573 0.999993 0.000355531
0.22e-6 0.28e-6 0.65 0.141312 37.0994 256347 0.999994 0.000372347
0.22e-6 0.28e-6 0.70 0.12386 35.9357 196077 0.999993 0.00038492
0.22e-6 0.28e-6 0.75 0.101671 34.2073 131685 0.999991 0.000393889
0.22e-6 0.28e-6 0.80 0.0867506 32.819 95640.3 0.999989 0.000400203
0.22e-6 0.28e-6 0.90 0.0719282 31.1794 65550.9 0.999987 0.000407752
0.22e-6 0.28e-6 1.00 0.0651758 30.3164 53728.1 0.999986 0.00041175
0.22e-6 0.28e-6 1.10 0.0611817 29.7625 47289 0.999985 0.000414344
0.22e-6 0.28e-6 1.20 0.058502 29.37 43198.2 0.999984 0.000416289
0.22e-6 0.36e-6 0.35 0.00761234 12.1212 764.882 0.999885 0.000303503
0.22e-6 0.36e-6 0.40 0.0118675 15.8113 1855.9 0.999926 0.000312788
0.22e-6 0.36e-6 0.45 0.0190229 19.8277 4755.56 0.999954 0.000327142
0.22e-6 0.36e-6 0.50 0.0300128 23.7412 11783 0.999971 0.000347732
0.22e-6 0.36e-6 0.55 0.0462635 27.4588 27801.4 0.999981 0.00037359
0.22e-6 0.36e-6 0.60 0.0693118 30.9264 61838.1 0.999987 0.000401429
0.22e-6 0.36e-6 0.65 0.0984182 33.9274 123464 0.999991 0.000427229
0.22e-6 0.36e-6 0.70 0.12405 35.8983 194399 0.999993 0.000448328
0.22e-6 0.36e-6 0.75 0.128835 36.1955 208170 0.999993 0.000464126
0.22e-6 0.36e-6 0.80 0.116571 35.3032 169495 0.999992 0.00047539
0.22e-6 0.36e-6 0.90 0.0933416 33.3437 107928 0.99999 0.000488593
0.22e-6 0.36e-6 1.00 0.081754 32.1764 82479.4 0.999988 0.000495134
0.22e-6 0.36e-6 1.10 0.0751033 31.4291 69432.5 0.999987 0.000499006
0.22e-6 0.36e-6 1.20 0.0706172 30.8864 61270.7 0.999987 0.000501696
0.22e-6 0.50e-6 0.35 0.00536714 9.34836 380.334 0.999837 0.000383715
0.22e-6 0.50e-6 0.40 0.00734523 11.8239 710.963 0.999881 0.000392924
0.22e-6 0.50e-6 0.45 0.0111033 15.2355 1619.25 0.999921 0.000408023
0.22e-6 0.50e-6 0.50 0.0170515 18.861 3796.54 0.999948 0.000430892
0.22e-6 0.50e-6 0.55 0.0258741 22.4083 8655.55 0.999965 0.000461989
0.22e-6 0.50e-6 0.60 0.038673 25.8228 19059.6 0.999977 0.000498564
0.22e-6 0.50e-6 0.65 0.0564166 29.0211 39860.1 0.999984 0.000535399
0.22e-6 0.50e-6 0.70 0.07842 31.8029 75678 0.999988 0.000567592
0.22e-6 0.50e-6 0.75 0.100021 33.8493 121260 0.99999 0.000592783
0.22e-6 0.50e-6 0.80 0.113016 34.8583 152990 0.999991 0.000611136
0.22e-6 0.50e-6 0.90 0.111077 34.6422 145560 0.999991 0.000632684
0.22e-6 0.50e-6 1.00 0.101613 33.8329 120803 0.99999 0.000643031
0.22e-6 0.50e-6 1.10 0.0942295 33.1548 103332 0.999989 0.000648824
0.22e-6 0.50e-6 1.20 0.0885549 32.5983 90898.7 0.999989 0.000652633
1e-6 0.28e-6 0.35 0.00473408 8.3451 291.57 0.999812 0.00117333
1e-6 0.28e-6 0.40 0.0079512 12.3947 817.84 0.999887 0.00120983
1e-6 0.28e-6 0.45 0.0132004 16.5954 2233 0.999931 0.00126647
1e-6 0.28e-6 0.50 0.0213108 20.6314 5732.41 0.999956 0.00134604
1e-6 0.28e-6 0.55 0.0333868 24.415 13768.7 0.999971 0.00144285
1e-6 0.28e-6 0.60 0.0500374 27.8076 30131 0.99998 0.00154368
1e-6 0.28e-6 0.65 0.0675742 30.3 53526.1 0.999984 0.00163448
1e-6 0.28e-6 0.70 0.0730915 30.8823 61213.6 0.999985 0.0017072
1e-6 0.28e-6 0.75 0.0640048 29.6534 46114.5 0.999982 0.00176102
1e-6 0.28e-6 0.80 0.0536207 28.061 31944.2 0.999979 0.00179925
1e-6 0.28e-6 0.90 0.0424014 25.9558 19654 0.999973 0.00184431
1e-6 0.28e-6 1.00 0.0378306 24.9298 15507.9 0.99997 0.00186707
1e-6 0.28e-6 1.10 0.0354332 24.3386 13527.7 0.999968 0.00188094
1e-6 0.28e-6 1.20 0.0339325 23.946 12354.3 0.999967 0.00189086
1e-6 0.36e-6 0.35 0.00261031 4.43768 88.9114 0.999661 0.00134902
1e-6 0.36e-6 0.40 0.00399124 7.10506 206.729 0.999777 0.0013796
1e-6 0.36e-6 0.45 0.00650027 10.7464 543.753 0.999861 0.00142693
1e-6 0.36e-6 0.50 0.0105315 14.6447 1406.92 0.999913 0.00149986
1e-6 0.36e-6 0.55 0.0166838 18.4487 3448.2 0.999943 0.0016015
1e-6 0.36e-6 0.60 0.0258456 22.0675 7998.56 0.999961 0.00172418
1e-6 0.36e-6 0.65 0.0388022 25.4054 17308.3 0.999972 0.00185087
1e-6 0.36e-6 0.70 0.0545626 28.1837 32861.2 0.999979 0.00196403
1e-6 0.36e-6 0.75 0.0669216 29.8039 47742.4 0.999982 0.00205406
1e-6 0.36e-6 0.80 0.0681552 29.8455 48202.7 0.999981 0.00212035
1e-6 0.36e-6 0.90 0.0563417 28.048 31848.5 0.999977 0.00219882
1e-6 0.36e-6 1.00 0.0488826 26.7399 23552.5 0.999974 0.00223669
1e-6 0.36e-6 1.10 0.0448792 25.9525 19639 0.999971 0.00225788
1e-6 0.36e-6 1.20 0.0423181 25.4102 17327.5 0.999969 0.00227188
1e-6 0.50e-6 0.35 0.00197453 3.05062 50.9327 0.999552 0.00168725
1e-6 0.50e-6 0.40 0.00259151 4.3829 87.1703 0.999656 0.00171703
1e-6 0.50e-6 0.45 0.00390017 6.90897 195.396 0.999769 0.00176853
1e-6 0.50e-6 0.50 0.00611186 10.1801 471.172 0.999849 0.00184972
1e-6 0.50e-6 0.55 0.00952045 13.6444 1107.19 0.999899 0.00196927
1e-6 0.50e-6 0.60 0.0146719 17.0765 2500.47 0.99993 0.00212434
1e-6 0.50e-6 0.65 0.0223308 20.3924 5422.83 0.99995 0.00229703
1e-6 0.50e-6 0.70 0.0329786 23.4514 11018.9 0.999963 0.002462
1e-6 0.50e-6 0.75 0.0457799 26.0142 19920.5 0.99997 0.00260006
1e-6 0.50e-6 0.80 0.0574922 27.7686 29860.7 0.999974 0.00270494
1e-6 0.50e-6 0.90 0.0652865 28.5928 36111.9 0.999975 0.00283092
1e-6 0.50e-6 1.00 0.0621425 28.0207 31648.4 0.999973 0.00289075
1e-6 0.50e-6 1.10 0.0585747 27.4225 27569.7 0.999971 0.00292274
1e-6 0.50e-6 1.20 0.0556466 26.9182 24541.6 0.99997 0.00294281
5e-6 0.28e-6 0.35 0.00183295 2.60132 41.0123 0.999469 0.00581184
5e-6 0.28e-6 0.40 0.00310838 5.196 115.412 0.999672 0.00596147
5e-6 0.28e-6 0.45 0.00529533 8.73469 323.625 0.999792 0.00619832
5e-6 0.28e-6 0.50 0.00885253 12.5808 855.833 0.999859 0.00654942
5e-6 0.28e-6 0.55 0.014492 16.3708 2117.94 0.999897 0.00700518
5e-6 0.28e-6 0.60 0.0230201 19.9124 4850.14 0.999917 0.00751269
5e-6 0.28e-6 0.65 0.0339297 22.8336 9551.05 0.999927 0.00799792
5e-6 0.28e-6 0.70 0.0414057 24.1891 13068 0.999928 0.00840481
5e-6 0.28e-6 0.75 0.0389762 23.3838 10848 0.999921 0.00871476
5e-6 0.28e-6 0.80 0.0328437 21.7012 7347.36 0.999909 0.00893783
5e-6 0.28e-6 0.90 0.0254204 19.2522 4159.03 0.999887 0.00920056
5e-6 0.28e-6 1.00 0.0225371 18.0951 3174.57 0.999875 0.0093306
5e-6 0.28e-6 1.10 0.0211384 17.4708 2742.77 0.999867 0.00940712
5e-6 0.28e-6 1.20 0.0203079 17.0741 2498.98 0.999862 0.00946027
5e-6 0.36e-6 0.35 0.00107661 1.09414 14.3254 0.999113 0.00670632
5e-6 0.36e-6 0.40 0.0016285 2.15077 32.0437 0.999392 0.00683788
5e-6 0.36e-6 0.45 0.00269041 4.30378 84.6928 0.99961 0.00703851
5e-6 0.36e-6 0.50 0.00449396 7.38995 224.132 0.999742 0.00735413
5e-6 0.36e-6 0.55 0.00742477 10.8767 561.839 0.999817 0.00781449
5e-6 0.36e-6 0.60 0.0121302 14.4099 1330.24 0.99986 0.00840105
5e-6 0.36e-6 0.65 0.0194073 17.7975 2960.99 0.999884 0.0090414
5e-6 0.36e-6 0.70 0.0293814 20.7779 5930.71 0.999896 0.00964223
5e-6 0.36e-6 0.75 0.039265 22.7981 9472.79 0.999901 0.0101383
5e-6 0.36e-6 0.80 0.0429095 23.2038 10405.4 0.999897 0.0105119
5e-6 0.36e-6 0.90 0.0364312 21.3575 6784.56 0.999878 0.0109594
5e-6 0.36e-6 1.00 0.0314901 19.8876 4822.09 0.999862 0.0111735
5e-6 0.36e-6 1.10 0.0289685 19.0465 3964.26 0.999852 0.0112901
5e-6 0.36e-6 1.20 0.0274252 18.4922 3483.22 0.999845 0.0113651
5e-6 0.50e-6 0.35 0.000852466 0.720267 9.0195 0.998877 0.00840697
5e-6 0.50e-6 0.40 0.00111278 1.13716 14.9657 0.999108 0.00853246
5e-6 0.50e-6 0.45 0.00169488 2.2182 33.3271 0.999376 0.00875694
5e-6 0.50e-6 0.50 0.00274224 4.20071 81.5332 0.999571 0.00911451
5e-6 0.50e-6 0.55 0.00448643 6.89985 194.876 0.999688 0.00965714
5e-6 0.50e-6 0.60 0.00737657 9.96304 445.75 0.999756 0.0103904
5e-6 0.50e-6 0.65 0.0121035 13.1372 979.63 0.999795 0.0112444
5e-6 0.50e-6 0.70 0.0192943 16.2027 2035.58 0.999818 0.0120956
5e-6 0.50e-6 0.75 0.0287517 18.8838 3816.64 0.999831 0.0128331
5e-6 0.50e-6 0.80 0.0384094 20.8263 5997.5 0.999836 0.0134065
5e-6 0.50e-6 0.90 0.0465123 21.8234 7558.26 0.99983 0.0141058
5e-6 0.50e-6 1.00 0.044647 21.1529 6469.91 0.999816 0.0144373
5e-6 0.50e-6 1.10 0.0422014 20.489 5545.62 0.999806 0.014611
5e-6 0.50e-6 1.20 0.0402312 19.9576 4901.11 0.999797 0.0147176
10e-6 0.28e-6 0.35 0.00131146 1.42992 19.4957 0.999159 0.0116029
10e-6 0.28e-6 0.40 0.00224231 3.2148 54.8194 0.999458 0.0118945
10e-6 0.28e-6 0.45 0.0038759 6.11236 154.265 0.999634 0.0123556
10e-6 0.28e-6 0.50 0.00661943 9.63573 409.755 0.999729 0.0130435
10e-6 0.28e-6 0.55 0.0111364 13.2978 1018.38 0.999777 0.0139444
10e-6 0.28e-6 0.60 0.0182333 16.8048 2345.64 0.999799 0.0149572
10e-6 0.28e-6 0.65 0.027719 19.7572 4677.84 0.999805 0.0159342
10e-6 0.28e-6 0.70 0.0349253 21.2171 6566.77 0.999798 0.0167593
10e-6 0.28e-6 0.75 0.0336465 20.498 5557.07 0.999779 0.0173908
10e-6 0.28e-6 0.80 0.0286015 18.8204 3760.46 0.999753 0.0178462
10e-6 0.28e-6 0.90 0.022224 16.3384 2101.67 0.999709 0.0183827
10e-6 0.28e-6 1.00 0.0197475 15.1734 1595.41 0.999684 0.0186475
10e-6 0.28e-6 1.10 0.0185615 14.5526 1376.22 0.999668 0.0188026
10e-6 0.28e-6 1.20 0.017865 14.1615 1253.42 0.999657 0.0189098
10e-6 0.36e-6 0.35 0.000774813 0.566093 6.96091 0.99863 0.0133925
10e-6 0.36e-6 0.40 0.00117902 1.17053 15.4664 0.99903 0.0136514
10e-6 0.36e-6 0.45 0.00197212 2.59491 40.8765 0.999346 0.0140442
10e-6 0.36e-6 0.50 0.003362 5.01105 108.511 0.999536 0.0146622
10e-6 0.36e-6 0.55 0.00571781 8.10146 272.919 0.999638 0.0155686
10e-6 0.36e-6 0.60 0.00967136 11.4497 648.086 0.999688 0.0167316
10e-6 0.36e-6 0.65 0.0160173 14.7656 1447.93 0.99971 0.0180112
10e-6 0.36e-6 0.70 0.0249908 17.7383 2920.01 0.999717 0.0192203
10e-6 0.36e-6 0.75 0.0342667 19.8003 4724.85 0.999712 0.020224
10e-6 0.36e-6 0.80 0.0381973 20.2636 5262.34 0.999696 0.0209827
10e-6 0.36e-6 0.90 0.0328899 18.429 3431.91 0.99965 0.0218928
10e-6 0.36e-6 1.00 0.0285225 16.9458 2424.53 0.999615 0.0223278
10e-6 0.36e-6 1.10 0.0262992 16.1046 1988.8 0.999593 0.0225637
10e-6 0.36e-6 1.20 0.0249457 15.5547 1746.33 0.999578 0.0227148
10e-6 0.50e-6 0.35 0.00061669 0.36978 4.44342 0.998262 0.0167908
10e-6 0.50e-6 0.40 0.000812111 0.594924 7.34008 0.998582 0.0170368
10e-6 0.50e-6 0.45 0.0012559 1.22718 16.3253 0.998962 0.0174787
10e-6 0.50e-6 0.50 0.00208272 2.55362 40.0153 0.999236 0.0181818
10e-6 0.50e-6 0.55 0.00353076 4.65052 95.88 0.999391 0.0192518
10e-6 0.50e-6 0.60 0.00605628 7.31997 219.73 0.999468 0.0207049
10e-6 0.50e-6 0.65 0.0103457 10.2844 483.777 0.999503 0.0224069
10e-6 0.50e-6 0.70 0.0170297 13.2564 1008.15 0.999515 0.0241131
10e-6 0.50e-6 0.75 0.025976 15.9099 1899.33 0.999515 0.0255983
10e-6 0.50e-6 0.80 0.0352874 17.8602 3004.34 0.999507 0.0267571
10e-6 0.50e-6 0.90 0.0434767 18.8796 3812.28 0.999472 0.0281729
10e-6 0.50e-6 1.00 0.0419146 18.2005 3253.15 0.999436 0.0288439
10e-6 0.50e-6 1.10 0.0396938 17.5321 2781.97 0.999409 0.0291944
10e-6 0.50e-6 1.20 0.0378942 17.0012 2456.11 0.99939 0.0294087
