W_m L_m VGS NFmin_dB NF_dB Rn SOpt_real SOpt_imag
0.22e-6 0.28e-6 0.35 0.124613 36.1273 204926 0.999993 0.000213001
0.22e-6 0.28e-6 0.40 0.193066 39.9265 491564 0.999995 0.000217013
0.22e-6 0.28e-6 0.45 0.188744 39.7245 469222 0.999995 0.000225896
0.22e-6 0.28e-6 0.50 0.133072 36.6785 232662 0.999993 0.000242089
0.22e-6 0.28e-6 0.55 0.0921027 33.4632 110942 0.99999 0.00026671
0.22e-6 0.28e-6 0.60 0.0692888 30.9618 62345.7 0.999987 0.000297043
0.22e-6 0.28e-6 0.65 0.0572815 29.2742 42254.7 0.999984 0.000326819
0.22e-6 0.28e-6 0.70 0.0509094 28.2179 33121 0.999982 0.000350698
0.22e-6 0.28e-6 0.75 0.047455 27.5833 28611.4 0.999981 0.000367309
0.22e-6 0.28e-6 0.80 0.0455668 27.2141 26275.5 0.99998 0.000378046
0.22e-6 0.28e-6 0.90 0.0440661 26.9051 24467.9 0.999979 0.000389363
0.22e-6 0.28e-6 1.00 0.0439267 26.8688 24263.7 0.999979 0.000394774
0.22e-6 0.28e-6 1.10 0.0443632 26.9493 24718.5 0.999979 0.000398159
0.22e-6 0.28e-6 1.20 0.0450766 27.0839 25498.1 0.99998 0.000400811
0.22e-6 0.36e-6 0.35 0.0602625 29.822 47942.4 0.999985 0.000250461
0.22e-6 0.36e-6 0.40 0.110173 35.0572 160159 0.999992 0.000252197
0.22e-6 0.36e-6 0.45 0.18024 39.3277 428240 0.999995 0.00025768
0.22e-6 0.36e-6 0.50 0.213987 40.8099 602450 0.999996 0.000269538
0.22e-6 0.36e-6 0.55 0.16769 38.6754 368515 0.999995 0.000290642
0.22e-6 0.36e-6 0.60 0.115125 35.3779 172440 0.999992 0.000321824
0.22e-6 0.36e-6 0.65 0.0841209 32.6066 91074.1 0.999989 0.000359018
0.22e-6 0.36e-6 0.70 0.0679303 30.6968 58651.2 0.999987 0.000394431
0.22e-6 0.36e-6 0.75 0.059323 29.4725 44231 0.999984 0.000422162
0.22e-6 0.36e-6 0.80 0.0544995 28.7005 37020 0.999983 0.000441151
0.22e-6 0.36e-6 0.90 0.0499121 27.8975 30762.3 0.999981 0.000461019
0.22e-6 0.36e-6 1.00 0.0481509 27.568 28511.1 0.99998 0.000469545
0.22e-6 0.36e-6 1.10 0.0475478 27.449 27738.8 0.99998 0.000474193
0.22e-6 0.36e-6 1.20 0.0475168 27.4368 27660.9 0.99998 0.00047748
0.22e-6 0.50e-6 0.35 0.0356879 25.2803 16815.7 0.999976 0.000317757
0.22e-6 0.50e-6 0.40 0.0657005 30.57 56962.8 0.999987 0.000318439
0.22e-6 0.50e-6 0.45 0.113963 35.3471 171219 0.999992 0.000322878
0.22e-6 0.50e-6 0.50 0.173377 38.9819 395460 0.999995 0.00033402
0.22e-6 0.50e-6 0.55 0.199549 40.1835 521525 0.999996 0.00035568
0.22e-6 0.50e-6 0.60 0.163089 38.3917 345205 0.999994 0.000390613
0.22e-6 0.50e-6 0.65 0.118089 35.5207 178205 0.999992 0.00043662
0.22e-6 0.50e-6 0.70 0.0906672 33.1376 102924 0.99999 0.000485013
0.22e-6 0.50e-6 0.75 0.0758877 31.504 70641.5 0.999987 0.000526104
0.22e-6 0.50e-6 0.80 0.0676225 30.4319 55177.5 0.999986 0.000555692
0.22e-6 0.50e-6 0.90 0.059451 29.2319 41844.6 0.999983 0.000587156
0.22e-6 0.50e-6 1.00 0.055742 28.6369 36480.6 0.999982 0.000600036
0.22e-6 0.50e-6 1.10 0.0538342 28.316 33878.5 0.999982 0.000606461
0.22e-6 0.50e-6 1.20 0.0528368 28.1414 32542.2 0.999981 0.000610644
1e-6 0.28e-6 0.35 0.0275267 22.9753 9869.69 0.999967 0.000963211
1e-6 0.28e-6 0.40 0.0511423 28.3334 34015.2 0.999982 0.000968163
1e-6 0.28e-6 0.45 0.0839214 32.6185 91322.6 0.999989 0.000985519
1e-6 0.28e-6 0.50 0.0938324 33.5636 113539 0.99999 0.00102452
1e-6 0.28e-6 0.55 0.0708774 31.0816 64089.6 0.999987 0.00109626
1e-6 0.28e-6 0.60 0.0499083 27.9526 31155.2 0.999981 0.00120642
1e-6 0.28e-6 0.65 0.0378189 25.4186 17361.1 0.999974 0.00134365
1e-6 0.28e-6 0.70 0.0314755 23.6778 11611.2 0.999968 0.00147987
1e-6 0.28e-6 0.75 0.0281363 22.5712 8988.41 0.999963 0.00159009
1e-6 0.28e-6 0.80 0.0263209 21.8929 7681.36 0.999959 0.00166723
1e-6 0.28e-6 0.90 0.0247437 21.2465 6612.24 0.999955 0.00174911
1e-6 0.28e-6 1.00 0.0243119 21.0454 6310.83 0.999954 0.00178451
1e-6 0.28e-6 1.10 0.0243389 21.0292 6287.12 0.999954 0.00180391
1e-6 0.28e-6 1.20 0.0245822 21.0982 6388.58 0.999954 0.00181777
1e-6 0.36e-6 0.35 0.0123244 16.0853 1980.03 0.999928 0.00114038
1e-6 0.36e-6 0.40 0.0234305 21.5827 7148.45 0.999962 0.00113864
1e-6 0.36e-6 0.45 0.0432165 26.8699 24269.6 0.999979 0.00114529
1e-6 0.36e-6 0.50 0.0732848 31.4337 69507.1 0.999987 0.00116804
1e-6 0.36e-6 0.55 0.0979773 33.9189 123220 0.99999 0.00121844
1e-6 0.36e-6 0.60 0.0869687 32.8127 95501.6 0.999989 0.00130979
1e-6 0.36e-6 0.65 0.0623577 29.7942 47635.7 0.999984 0.00144747
1e-6 0.36e-6 0.70 0.0461577 26.9885 24943.3 0.999977 0.00161546
1e-6 0.36e-6 0.75 0.0376342 24.9954 15744.7 0.999971 0.001779
1e-6 0.36e-6 0.80 0.0331605 23.7021 11676.8 0.999965 0.00190933
1e-6 0.36e-6 0.90 0.0291637 22.35 8539.47 0.999959 0.00205761
1e-6 0.36e-6 1.00 0.0276145 21.7754 7475.06 0.999955 0.00211845
1e-6 0.36e-6 1.10 0.0269763 21.5245 7052.68 0.999954 0.00214734
1e-6 0.36e-6 1.20 0.0267723 21.4295 6898.98 0.999953 0.00216542
1e-6 0.50e-6 0.35 0.00710434 11.5124 658.289 0.999875 0.00145079
1e-6 0.50e-6 0.40 0.0133006 16.7292 2304.47 0.999933 0.00144487
1e-6 0.50e-6 0.45 0.0246652 22.019 7909.14 0.999963 0.00144628
1e-6 0.50e-6 0.50 0.0435015 26.9115 24503.7 0.999978 0.00146323
1e-6 0.50e-6 0.55 0.0692108 30.9025 61499.4 0.999986 0.00150835
1e-6 0.50e-6 0.60 0.0892776 33.0331 100477 0.999988 0.00159873
1e-6 0.50e-6 0.65 0.0834614 32.2882 84632.5 0.999987 0.00174865
1e-6 0.50e-6 0.70 0.0644721 29.7754 47429.8 0.999982 0.0019526
1e-6 0.50e-6 0.75 0.0509216 27.3733 27258.8 0.999976 0.00217464
1e-6 0.50e-6 0.80 0.0435117 25.6613 18362 0.99997 0.00236894
1e-6 0.50e-6 0.90 0.0368893 23.7719 11866.8 0.999961 0.00260614
1e-6 0.50e-6 1.00 0.0340527 22.8819 9658.71 0.999956 0.00270346
1e-6 0.50e-6 1.10 0.03257 22.4074 8653.87 0.999953 0.00274612
1e-6 0.50e-6 1.20 0.0317612 22.1386 8131.35 0.999951 0.00277029
5e-6 0.28e-6 0.35 0.01082 14.324 1303.21 0.999889 0.00563882
5e-6 0.28e-6 0.40 0.0191369 18.9746 3898.44 0.999926 0.00591766
5e-6 0.28e-6 0.45 0.0314047 22.992 9907.91 0.999944 0.0062605
5e-6 0.28e-6 0.50 0.0398613 24.7561 14897.6 0.999947 0.00664952
5e-6 0.28e-6 0.55 0.034869 23.2746 10577.2 0.999937 0.0070561
5e-6 0.28e-6 0.60 0.0266968 20.6495 5756.46 0.999919 0.00744881
5e-6 0.28e-6 0.65 0.0212095 18.3824 3395.08 0.999898 0.00780225
5e-6 0.28e-6 0.70 0.018071 16.7691 2326.17 0.999878 0.00810226
5e-6 0.28e-6 0.75 0.016335 15.7143 1813.77 0.999861 0.00834578
5e-6 0.28e-6 0.80 0.0153935 15.0592 1552.8 0.999849 0.0085374
5e-6 0.28e-6 0.90 0.0146671 14.4465 1341.91 0.999835 0.00879911
5e-6 0.28e-6 1.00 0.014586 14.2814 1289.98 0.99983 0.00895482
5e-6 0.28e-6 1.10 0.014741 14.299 1295.42 0.999828 0.00905345
5e-6 0.28e-6 1.20 0.0149956 14.3967 1326.03 0.999828 0.00912381
5e-6 0.36e-6 0.35 0.00550774 9.16748 362.776 0.999808 0.00593785
5e-6 0.36e-6 0.40 0.0100385 13.917 1182.17 0.999884 0.00604797
5e-6 0.36e-6 0.45 0.0176853 18.5786 3554.34 0.999923 0.00624546
5e-6 0.36e-6 0.50 0.029255 22.6889 9236.55 0.999942 0.00655835
5e-6 0.36e-6 0.55 0.0413942 25.3526 17098.4 0.999948 0.00700149
5e-6 0.36e-6 0.60 0.0426066 25.1428 16289.5 0.999941 0.00756014
5e-6 0.36e-6 0.65 0.0344304 22.7608 9391.47 0.999924 0.00818193
5e-6 0.36e-6 0.70 0.0272627 20.207 5193.96 0.999901 0.0087925
5e-6 0.36e-6 0.75 0.022951 18.2564 3296.54 0.999876 0.00932768
5e-6 0.36e-6 0.80 0.0205088 16.9228 2411.74 0.999855 0.00975594
5e-6 0.36e-6 0.90 0.0183084 15.4893 1719.64 0.999824 0.0103099
5e-6 0.36e-6 1.00 0.0175613 14.9028 1496.11 0.999809 0.0105946
5e-6 0.36e-6 1.10 0.0173435 14.6751 1417.13 0.999801 0.0107477
5e-6 0.36e-6 1.20 0.017363 14.6118 1395.91 0.999798 0.010843
5e-6 0.50e-6 0.35 0.00331683 5.68142 134.973 0.999691 0.00727036
5e-6 0.50e-6 0.40 0.00627143 10.2553 480.266 0.999824 0.00723102
5e-6 0.50e-6 0.45 0.0117735 15.3918 1680.41 0.999893 0.00722048
5e-6 0.50e-6 0.50 0.0211659 20.3382 5354.81 0.999928 0.00727264
5e-6 0.50e-6 0.55 0.0345941 24.4528 13889.4 0.999944 0.00744143
5e-6 0.50e-6 0.60 0.045928 26.6408 23020 0.999947 0.007806
5e-6 0.50e-6 0.65 0.044705 25.8874 19345.4 0.999938 0.00844979
5e-6 0.50e-6 0.70 0.0369778 23.4004 10889.5 0.999917 0.0093895
5e-6 0.50e-6 0.75 0.0313593 20.9386 6156.08 0.999886 0.0104946
5e-6 0.50e-6 0.80 0.028238 19.0778 3993.26 0.999852 0.0115327
5e-6 0.50e-6 0.90 0.0251515 16.9114 2405.23 0.999797 0.0128836
5e-6 0.50e-6 1.00 0.023622 15.9105 1899.84 0.999766 0.0134513
5e-6 0.50e-6 1.10 0.0228252 15.423 1692.81 0.999751 0.0136929
5e-6 0.50e-6 1.20 0.02245 15.1764 1596.62 0.999743 0.013824
10e-6 0.28e-6 0.35 0.00523077 6.98986 199.999 0.999599 0.0141501
10e-6 0.28e-6 0.40 0.00986377 11.562 666.381 0.999723 0.0146319
10e-6 0.28e-6 0.45 0.0176268 16.0741 1974.65 0.999782 0.0151892
10e-6 0.28e-6 0.50 0.0259134 19.0186 3938.4 0.9998 0.0157932
10e-6 0.28e-6 0.55 0.0258976 18.6714 3631.99 0.999783 0.0164033
10e-6 0.28e-6 0.60 0.0207861 16.4789 2172.42 0.999746 0.0169797
10e-6 0.28e-6 0.65 0.0167317 14.3741 1318.82 0.999701 0.0174932
10e-6 0.28e-6 0.70 0.0143115 12.8504 913.77 0.999659 0.017929
10e-6 0.28e-6 0.75 0.0129536 11.8557 716.494 0.999625 0.0182857
10e-6 0.28e-6 0.80 0.0122165 11.2436 615.725 0.999599 0.0185705
10e-6 0.28e-6 0.90 0.0116634 10.6853 535.42 0.999569 0.0189704
10e-6 0.28e-6 1.00 0.0116299 10.5515 517.657 0.999557 0.0192189
10e-6 0.28e-6 1.10 0.0117869 10.5892 522.6 0.999552 0.0193834
10e-6 0.28e-6 1.20 0.0120235 10.7011 537.542 0.999552 0.0195058
10e-6 0.36e-6 0.35 0.00235551 2.84548 46.2734 0.999306 0.0147058
10e-6 0.36e-6 0.40 0.00449387 6.26841 161.735 0.999568 0.0149578
10e-6 0.36e-6 0.45 0.00844591 10.713 539.182 0.999702 0.0153445
10e-6 0.36e-6 0.50 0.0152631 15.241 1621.26 0.999765 0.0159172
10e-6 0.36e-6 0.55 0.0248133 18.9084 3838.45 0.999786 0.0166915
10e-6 0.36e-6 0.60 0.0306741 20.1641 5142.17 0.999776 0.0176315
10e-6 0.36e-6 0.65 0.0275787 18.6529 3616.28 0.999738 0.0186481
10e-6 0.36e-6 0.70 0.0225791 16.3897 2127.23 0.999685 0.0196285
10e-6 0.36e-6 0.75 0.0191699 14.5439 1373.38 0.99963 0.0204819
10e-6 0.36e-6 0.80 0.0171552 13.2615 1009.42 0.99958 0.0211669
10e-6 0.36e-6 0.90 0.0153161 11.8844 721.537 0.999512 0.0220672
10e-6 0.36e-6 1.00 0.0147097 11.3327 629.504 0.999477 0.0225443
10e-6 0.36e-6 1.10 0.0145561 11.129 598.363 0.99946 0.0228088
10e-6 0.36e-6 1.20 0.0146026 11.0829 591.512 0.999452 0.022978
10e-6 0.50e-6 0.35 0.00245589 3.762 68.8931 0.999484 0.0145372
10e-6 0.50e-6 0.40 0.00465824 7.71993 245.763 0.999677 0.0144568
10e-6 0.50e-6 0.45 0.00877853 12.6087 861.628 0.999779 0.0144321
10e-6 0.50e-6 0.50 0.0158857 17.4853 2752.04 0.999828 0.0145291
10e-6 0.50e-6 0.55 0.0262634 21.5821 7146.99 0.999847 0.0148533
10e-6 0.50e-6 0.60 0.0355305 23.7449 11792.3 0.999844 0.0155609
10e-6 0.50e-6 0.65 0.0357445 22.9694 9855.53 0.999817 0.0168202
10e-6 0.50e-6 0.70 0.0309931 20.4945 5552.49 0.999761 0.0186742
10e-6 0.50e-6 0.75 0.0274563 18.0449 3137.23 0.999681 0.0208755
10e-6 0.50e-6 0.80 0.0254572 16.1836 2026.21 0.999592 0.0229623
10e-6 0.50e-6 0.90 0.0232561 14.0094 1208.48 0.999448 0.0257012
10e-6 0.50e-6 1.00 0.02201 13.0119 950.196 0.999373 0.0268563
10e-6 0.50e-6 1.10 0.0213375 12.5333 845.828 0.999336 0.0273464
10e-6 0.50e-6 1.20 0.021031 12.2956 798.112 0.999315 0.0276106
